# Livello 3 - SnakeRunner

[Obstacles]
20,0
20,1
20,3
20,4

27,4
26,4
25,4
24,4
22,4
21,4
20,4

10,10
11,10
12,10
13,10
14,10
15,10
15,11
15,12
15,14
15,15
15,17

8,0
8,1
8,2
8,3
8,4
8,5

9,3
10,3
11,3
12,3

16,0
16,1
16,2
16,3
16,4
16,5

24,7
23,7
22,7
21,7

18,8
19,8

22,22
22,21
22,20
22,19
22,18
22,17
22,16
22,15
22,13
22,12

25,16
26,16
27,16

2,22
2,21
2,20
2,19

9,19
9,18
9,17
9,16
5,16
6,16
7,16
8,16

15,22
15,21
15,20

18,22
18,21
18,20
18,19

13,22
13,21

4,20
5,20

[Collectibles]
2,4,FOOD
23,2,KEY
20,10,FOOD
13,7,FOOD
12,14,FOOD
25,21,FOOD
3,18,FOOD
5,22,DOOR

